71 173
72 168
72 171
72 173
72 176
72 179
73 168
73 171
73 173
73 176
73 179
75 168
75 171
75 173
75 176
75 179
76 168
76 171
76 173
76 176
76 179
76 181
77 168
77 171
77 173
77 176
77 179
77 181
79 168
79 171
79 173
79 176
79 179
79 181
80 168
80 171
80 173
80 176
80 179
80 181
80 184
81 168
81 171
81 173
81 176
81 179
81 181
81 184
83 165
83 168
83 171
83 173
83 176
83 179
83 181
83 184
84 165
84 168
84 171
84 173
84 179
84 181
84 184
84 187
85 165
85 168
85 171
85 173
85 179
85 181
85 184
85 187
87 165
87 168
87 171
87 173
87 179
87 181
87 184
87 187
88 165
88 168
88 171
88 173
88 179
88 181
88 184
88 187
88 189
89 165
89 168
89 171
89 173
89 181
89 184
89 187
89 189
91 165
91 168
91 171
91 173
91 181
91 184
91 187
91 189
92 165
92 168
92 171
92 173
92 184
92 187
92 189
92 192
93 165
93 168
93 171
93 173
93 184
93 187
93 189
93 192
95 165
95 168
95 171
95 173
95 187
95 189
95 192
95 195
96 165
96 168
96 171
96 173
96 187
96 189
96 192
96 195
97 165
97 168
97 171
97 173
97 189
97 192
97 195
97 197
99 165
99 168
99 171
99 173
99 189
99 192
99 195
99 197
99 200
100 165
100 168
100 171
100 173
100 192
100 195
100 197
100 200
101 165
101 168
101 171
101 192
101 195
101 197
101 200
101 203
103 165
103 168
103 171
103 192
103 195
103 197
103 200
103 203
104 165
104 168
104 171
104 173
104 195
104 197
104 200
104 203
104 205
105 165
105 168
105 171
105 173
105 197
105 200
105 203
105 205
107 163
107 165
107 168
107 171
107 197
107 200
107 203
107 205
108 163
108 165
108 168
108 171
108 200
108 203
108 205
108 208
109 163
109 165
109 168
109 171
109 200
109 203
109 205
109 208
111 163
111 165
111 168
111 171
111 200
111 203
111 205
111 208
111 211
112 163
112 165
112 168
112 171
112 203
112 205
112 208
112 211
113 163
113 165
113 168
113 171
113 203
113 205
113 208
113 211
113 213
115 163
115 165
115 168
115 171
115 203
115 205
115 208
115 211
115 213
116 163
116 165
116 168
116 171
116 205
116 208
116 211
116 213
117 163
117 165
117 168
117 171
117 205
117 208
117 211
117 213
117 216
119 163
119 165
119 168
119 171
119 208
119 211
119 213
119 216
119 219
120 163
120 165
120 168
120 171
120 208
120 211
120 213
120 216
120 219
121 163
121 165
121 168
121 171
121 211
121 213
121 216
121 219
123 163
123 165
123 168
123 171
123 211
123 213
123 216
123 219
123 304
123 307
123 309
123 312
124 163
124 165
124 168
124 171
124 213
124 216
124 219
124 221
124 291
124 293
124 296
124 299
124 301
124 304
124 307
124 309
124 312
124 315
125 163
125 165
125 168
125 171
125 213
125 216
125 219
125 221
125 285
125 288
125 291
125 293
125 296
125 299
125 301
125 304
125 307
125 309
125 312
125 315
127 163
127 165
127 168
127 171
127 213
127 216
127 219
127 221
127 224
127 280
127 283
127 285
127 288
127 291
127 293
127 296
127 299
127 301
127 304
127 307
127 309
127 312
127 315
128 163
128 165
128 168
128 216
128 219
128 221
128 224
128 272
128 275
128 277
128 280
128 283
128 285
128 288
128 291
128 293
128 307
128 309
128 312
128 315
129 160
129 163
129 165
129 168
129 219
129 221
129 224
129 227
129 269
129 272
129 275
129 277
129 280
129 283
129 285
129 288
129 307
129 309
129 312
129 315
131 160
131 163
131 165
131 168
131 219
131 221
131 224
131 227
131 264
131 267
131 269
131 272
131 275
131 277
131 280
131 283
131 307
131 309
131 312
131 315
132 160
132 163
132 165
132 168
132 219
132 221
132 224
132 227
132 229
132 256
132 259
132 261
132 264
132 267
132 269
132 272
132 275
132 277
132 304
132 307
132 309
132 312
132 315
133 160
133 163
133 165
133 168
133 221
133 224
133 227
133 229
133 232
133 235
133 237
133 240
133 243
133 245
133 248
133 251
133 253
133 256
133 259
133 261
133 264
133 267
133 269
133 272
133 304
133 307
133 309
133 312
135 160
135 163
135 165
135 168
135 224
135 227
135 229
135 232
135 235
135 237
135 240
135 243
135 245
135 248
135 251
135 253
135 256
135 259
135 261
135 264
135 267
135 269
135 304
135 307
135 309
135 312
136 160
136 163
136 165
136 168
136 227
136 229
136 232
136 235
136 237
136 240
136 243
136 245
136 248
136 251
136 253
136 256
136 259
136 261
136 304
136 307
136 309
136 312
137 157
137 160
137 163
137 165
137 168
137 227
137 229
137 232
137 235
137 237
137 240
137 243
137 245
137 248
137 251
137 253
137 304
137 307
137 309
137 312
139 157
139 160
139 163
139 165
139 301
139 304
139 307
139 309
139 312
140 157
140 160
140 163
140 165
140 301
140 304
140 307
140 309
141 157
141 160
141 163
141 165
141 301
141 304
141 307
141 309
143 157
143 160
143 163
143 165
143 301
143 304
143 307
143 309
144 157
144 160
144 163
144 165
144 299
144 301
144 304
144 307
145 157
145 160
145 163
145 165
145 299
145 301
145 304
145 307
147 157
147 160
147 163
147 165
147 299
147 301
147 304
147 307
148 157
148 160
148 163
148 165
148 299
148 301
148 304
148 307
149 157
149 160
149 163
149 165
149 296
149 299
149 301
149 304
149 307
151 157
151 160
151 163
151 165
151 296
151 299
151 301
151 304
152 157
152 160
152 163
152 165
152 296
152 299
152 301
152 304
153 157
153 160
153 163
153 165
153 296
153 299
153 301
153 304
155 157
155 160
155 163
155 165
155 296
155 299
155 301
155 304
156 157
156 160
156 163
156 165
156 293
156 296
156 299
156 301
157 157
157 160
157 163
157 165
157 293
157 296
157 299
157 301
159 157
159 160
159 163
159 165
159 293
159 296
159 299
159 301
160 157
160 160
160 163
160 165
160 293
160 296
160 299
160 301
161 157
161 160
161 163
161 165
161 293
161 296
161 299
161 301
163 157
163 160
163 163
163 165
163 291
163 293
163 296
163 299
164 152
164 155
164 157
164 160
164 163
164 165
164 291
164 293
164 296
164 299
165 144
165 147
165 149
165 152
165 155
165 157
165 160
165 163
165 291
165 293
165 296
165 299
167 141
167 144
167 147
167 149
167 152
167 155
167 157
167 160
167 291
167 293
167 296
167 299
168 136
168 139
168 141
168 144
168 147
168 149
168 152
168 155
168 157
168 288
168 291
168 293
168 296
168 299
169 133
169 136
169 139
169 141
169 144
169 147
169 149
169 288
169 291
169 293
169 296
171 131
171 133
171 136
171 139
171 141
171 144
171 288
171 291
171 293
171 296
172 128
172 131
172 133
172 136
172 139
172 141
172 288
172 291
172 293
172 296
173 125
173 128
173 131
173 133
173 136
173 139
173 285
173 288
173 291
173 293
173 296
175 123
175 125
175 128
175 131
175 133
175 136
175 285
175 288
175 291
175 293
176 120
176 123
176 125
176 128
176 131
176 283
176 285
176 288
176 291
176 293
177 117
177 120
177 123
177 125
177 128
177 283
177 285
177 288
177 291
177 293
179 112
179 115
179 117
179 120
179 123
179 125
179 283
179 285
179 288
179 291
180 109
180 112
180 115
180 117
180 120
180 283
180 285
180 288
180 291
181 109
181 112
181 115
181 117
181 120
181 283
181 285
181 288
181 291
183 107
183 109
183 112
183 115
183 117
183 280
183 283
183 285
183 288
184 104
184 107
184 109
184 112
184 115
184 280
184 283
184 285
184 288
185 104
185 107
185 109
185 112
185 280
185 283
185 285
185 288
187 104
187 107
187 109
187 112
187 280
187 283
187 285
187 288
188 101
188 104
188 107
188 109
188 277
188 280
188 283
188 285
188 288
189 99
189 101
189 104
189 107
189 109
189 277
189 280
189 283
189 285
191 99
191 101
191 104
191 107
191 109
191 277
191 280
191 283
191 285
192 93
192 96
192 99
192 101
192 104
192 107
192 277
192 280
192 283
192 285
193 93
193 96
193 99
193 101
193 104
193 277
193 280
193 283
193 285
195 83
195 85
195 88
195 91
195 93
195 96
195 99
195 101
195 104
195 277
195 280
195 283
195 285
196 83
196 85
196 88
196 91
196 93
196 96
196 99
196 275
196 277
196 280
196 283
197 83
197 85
197 88
197 91
197 93
197 96
197 275
197 277
197 280
197 283
199 83
199 85
199 88
199 91
199 93
199 275
199 277
199 280
199 283
200 85
200 88
200 91
200 93
200 96
200 99
200 275
200 277
200 280
200 283
201 88
201 91
201 93
201 96
201 99
201 275
201 277
201 280
201 283
203 88
203 91
203 93
203 96
203 99
203 101
203 275
203 277
203 280
203 283
203 285
204 93
204 96
204 99
204 101
204 104
204 277
204 280
204 283
204 285
205 93
205 96
205 99
205 101
205 104
205 107
205 277
205 280
205 283
205 285
207 99
207 101
207 104
207 107
207 277
207 280
207 283
207 285
207 288
208 99
208 101
208 104
208 107
208 109
208 112
208 280
208 283
208 285
208 288
209 104
209 107
209 109
209 112
209 115
209 280
209 283
209 285
209 288
211 104
211 107
211 109
211 112
211 115
211 117
211 280
211 283
211 285
211 288
211 291
212 107
212 109
212 112
212 115
212 117
212 283
212 285
212 288
212 291
213 109
213 112
213 115
213 117
213 120
213 283
213 285
213 288
213 291
213 293
215 112
215 115
215 117
215 120
215 123
215 285
215 288
215 291
215 293
216 112
216 115
216 117
216 120
216 123
216 125
216 285
216 288
216 291
216 293
217 115
217 117
217 120
217 123
217 125
217 285
217 288
217 291
217 293
219 117
219 120
219 123
219 125
219 285
219 288
219 291
219 293
219 296
220 117
220 120
220 123
220 125
220 128
220 288
220 291
220 293
220 296
221 120
221 123
221 125
221 128
221 131
221 133
221 288
221 291
221 293
221 296
223 120
223 123
223 125
223 128
223 131
223 133
223 288
223 291
223 293
223 296
224 125
224 128
224 131
224 133
224 136
224 291
224 293
224 296
224 299
225 128
225 131
225 133
225 136
225 139
225 141
225 291
225 293
225 296
225 299
227 131
227 133
227 136
227 139
227 141
227 291
227 293
227 296
227 299
228 133
228 136
228 139
228 141
228 144
228 147
228 291
228 293
228 296
228 299
229 136
229 139
229 141
229 144
229 147
229 149
229 291
229 293
229 296
229 299
231 136
231 139
231 141
231 144
231 147
231 149
231 152
231 291
231 293
231 296
231 299
231 301
232 141
232 144
232 147
232 149
232 152
232 155
232 293
232 296
232 299
232 301
233 144
233 147
233 149
233 152
233 155
233 157
233 293
233 296
233 299
233 301
235 147
235 149
235 152
235 155
235 157
235 293
235 296
235 299
235 301
236 152
236 155
236 157
236 160
236 163
236 296
236 299
236 301
236 304
237 155
237 157
237 160
237 163
237 296
237 299
237 301
237 304
239 155
239 157
239 160
239 163
239 296
239 299
239 301
239 304
240 155
240 157
240 160
240 163
240 299
240 301
240 304
240 307
241 155
241 157
241 160
241 163
241 299
241 301
241 304
241 307
243 155
243 157
243 160
243 163
243 299
243 301
243 304
243 307
244 155
244 157
244 160
244 163
244 299
244 301
244 304
244 307
245 155
245 157
245 160
245 163
245 299
245 301
245 304
245 307
245 309
247 155
247 157
247 160
247 163
247 299
247 301
247 304
247 307
247 309
248 155
248 157
248 160
248 163
248 301
248 304
248 307
248 309
249 155
249 157
249 160
249 163
249 301
249 304
249 307
249 309
251 155
251 157
251 160
251 163
251 301
251 304
251 307
251 309
252 155
252 157
252 160
252 163
252 304
252 307
252 309
252 312
253 155
253 157
253 160
253 163
253 304
253 307
253 309
253 312
255 157
255 160
255 163
255 165
255 304
255 307
255 309
255 312
256 157
256 160
256 163
256 165
256 232
256 235
256 237
256 240
256 243
256 245
256 307
256 309
256 312
257 157
257 160
257 163
257 165
257 229
257 232
257 235
257 237
257 240
257 243
257 245
257 248
257 251
257 307
257 309
257 312
259 157
259 160
259 163
259 165
259 227
259 229
259 232
259 235
259 237
259 240
259 243
259 245
259 248
259 251
259 253
259 256
259 259
259 307
259 309
259 312
259 315
260 160
260 163
260 165
260 168
260 224
260 227
260 229
260 232
260 235
260 237
260 240
260 243
260 245
260 248
260 251
260 253
260 256
260 259
260 261
260 264
260 267
260 307
260 309
260 312
260 315
261 160
261 163
261 165
261 168
261 224
261 227
261 229
261 232
261 235
261 248
261 251
261 253
261 256
261 259
261 261
261 264
261 267
261 269
261 272
261 307
261 309
261 312
261 315
263 160
263 163
263 165
263 168
263 221
263 224
263 227
263 229
263 232
263 253
263 256
263 259
263 261
263 264
263 267
263 269
263 272
263 275
263 277
263 280
263 307
263 309
263 312
263 315
264 160
264 163
264 165
264 168
264 219
264 221
264 224
264 227
264 229
264 264
264 267
264 269
264 272
264 275
264 277
264 280
264 283
264 285
264 307
264 309
264 312
264 315
265 160
265 163
265 165
265 168
265 216
265 219
265 221
265 224
265 227
265 229
265 269
265 272
265 275
265 277
265 280
265 283
265 285
265 288
265 291
265 309
265 312
265 315
267 160
267 163
267 165
267 168
267 216
267 219
267 221
267 224
267 227
267 275
267 277
267 280
267 283
267 285
267 288
267 291
267 293
267 309
267 312
267 315
267 317
268 163
268 165
268 168
268 171
268 213
268 216
268 219
268 221
268 224
268 280
268 283
268 285
268 288
268 291
268 293
268 296
268 299
268 309
268 312
268 315
268 317
269 163
269 165
269 168
269 171
269 213
269 216
269 219
269 221
269 224
269 285
269 288
269 291
269 293
269 296
269 299
269 301
269 304
269 309
269 312
269 315
269 317
271 163
271 165
271 168
271 171
271 211
271 213
271 216
271 219
271 221
271 288
271 291
271 293
271 296
271 299
271 301
271 304
271 307
271 309
271 312
271 315
271 317
272 163
272 165
272 168
272 171
272 211
272 213
272 216
272 219
272 296
272 299
272 301
272 304
272 307
272 309
272 312
272 315
272 317
272 320
273 163
273 165
273 168
273 171
273 208
273 211
273 213
273 216
273 219
273 301
273 304
273 307
273 309
273 312
273 315
273 317
273 320
275 163
275 165
275 168
275 171
275 208
275 211
275 213
275 216
275 301
275 304
275 307
275 309
275 312
275 315
275 317
275 320
276 163
276 165
276 168
276 171
276 205
276 208
276 211
276 213
276 309
276 312
276 315
277 163
277 165
277 168
277 171
277 203
277 205
277 208
277 211
277 213
279 163
279 165
279 168
279 171
279 203
279 205
279 208
279 211
279 213
280 165
280 168
280 171
280 173
280 200
280 203
280 205
280 208
280 211
281 165
281 168
281 171
281 173
281 200
281 203
281 205
281 208
283 165
283 168
283 171
283 173
283 197
283 200
283 203
283 205
283 208
284 165
284 168
284 171
284 173
284 197
284 200
284 203
284 205
285 165
285 168
285 171
285 173
285 195
285 197
285 200
285 203
285 205
287 165
287 168
287 171
287 173
287 195
287 197
287 200
287 203
287 205
288 165
288 168
288 171
288 173
288 195
288 197
288 200
288 203
289 165
289 168
289 171
289 173
289 192
289 195
289 197
289 200
291 165
291 168
291 171
291 173
291 192
291 195
291 197
291 200
292 165
292 168
292 171
292 173
292 189
292 192
292 195
292 197
292 200
293 165
293 168
293 171
293 173
293 189
293 192
293 195
293 197
295 165
295 168
295 171
295 173
295 189
295 192
295 195
295 197
296 165
296 168
296 171
296 173
296 187
296 189
296 192
296 195
296 197
297 165
297 168
297 171
297 173
297 187
297 189
297 192
297 195
297 197
299 165
299 168
299 171
299 173
299 184
299 187
299 189
299 192
299 195
300 165
300 168
300 171
300 173
300 184
300 187
300 189
300 192
300 195
301 165
301 168
301 171
301 173
301 184
301 187
301 189
301 192
303 165
303 168
303 171
303 173
303 181
303 184
303 187
303 189
303 192
304 165
304 168
304 171
304 173
304 179
304 181
304 184
304 187
304 189
305 165
305 168
305 171
305 173
305 179
305 181
305 184
305 187
305 189
307 165
307 168
307 171
307 173
307 179
307 181
307 184
307 187
308 165
308 168
308 171
308 173
308 176
308 179
308 181
308 184
308 187
309 165
309 168
309 171
309 173
309 176
309 179
309 181
309 184
311 165
311 168
311 171
311 173
311 176
311 179
311 181
311 184
312 165
312 168
312 171
312 173
312 176
312 179
312 181
313 165
313 168
313 171
313 173
313 176
313 179
313 181
315 165
315 168
315 171
315 173
315 176
315 179
316 165
316 168
316 171
316 173
316 176
316 179
317 165
317 168
317 171
317 173
317 176
317 179
319 165
319 168
319 171
319 173
319 176
320 165
320 168
320 171
320 173
320 176
321 165
321 168
321 171
321 173
321 176
323 165
323 168
323 171
323 173
323 176
324 171
5890
1947
5267
